# Camera list with one line of data per camera:
#   CAMERA_ID, MODEL, WIDTH, HEIGHT, PARAMS[]
# Number of cameras: 12
92 SIMPLE_RADIAL 474 568 681.60000000000002 237 284 0.66004860227937334
84 SIMPLE_RADIAL 474 474 568.79999999999995 237 237 0.96786611112910725
71 SIMPLE_RADIAL 474 507 608.39999999999998 237 253.5 -0.91801761646800994
43 SIMPLE_RADIAL 474 474 568.79999999999995 237 237 1.283745233614094
23 SIMPLE_RADIAL 474 463 568.79999999999995 237 231.5 0.0023719139446257242
98 SIMPLE_RADIAL 474 474 568.79999999999995 237 237 1.0688790732791087
20 SIMPLE_RADIAL 474 588 705.60000000000002 237 294 0.23428974739385491
99 SIMPLE_RADIAL 474 529 634.79999999999995 237 264.5 -1.138192436444823
8 SIMPLE_RADIAL 474 568 681.60000000000002 237 284 2.3859542932698292
94 SIMPLE_RADIAL 474 474 568.79999999999995 237 237 0.3749764444273323
3 SIMPLE_RADIAL 474 479 574.79999999999995 237 239.5 -1.3551855538528261
2 SIMPLE_RADIAL 474 568 681.60000000000002 237 284 0.26289876336862367
