# Camera list with one line of data per camera:
#   CAMERA_ID, MODEL, WIDTH, HEIGHT, PARAMS[]
# Number of cameras: 39
95 SIMPLE_RADIAL 474 529 634.79999999999995 237 264.5 -0.45608584841712269
92 SIMPLE_RADIAL 474 592 710.39999999999998 237 296 0.49154911732088602
88 SIMPLE_RADIAL 474 401 568.79999999999995 237 200.5 0.055744612093746898
84 SIMPLE_RADIAL 474 474 568.79999999999995 237 237 -0.22047844375704459
83 SIMPLE_RADIAL 474 474 568.79999999999995 237 237 -0.11727257259647091
79 SIMPLE_RADIAL 474 561 673.19999999999993 237 280.5 0.23276349164883764
82 SIMPLE_RADIAL 474 474 568.79999999999995 237 237 0.11773972912114287
23 SIMPLE_RADIAL 474 520 624 237 260 0.45243384894251959
52 SIMPLE_RADIAL 474 474 568.79999999999995 237 237 0.36324587345851206
21 SIMPLE_RADIAL 474 474 568.79999999999995 237 237 -0.061152501410463619
50 SIMPLE_RADIAL 474 474 568.79999999999995 237 237 0.025024471887915688
31 SIMPLE_RADIAL 474 592 710.39999999999998 237 296 -0.24802448526854326
71 SIMPLE_RADIAL 474 463 568.79999999999995 237 231.5 0.40379469819394487
12 SIMPLE_RADIAL 474 474 568.79999999999995 237 237 -0.088199201805012686
19 SIMPLE_RADIAL 474 419 568.79999999999995 237 209.5 -0.19304438914982158
18 SIMPLE_RADIAL 474 474 568.79999999999995 237 237 0.021449497931836668
77 SIMPLE_RADIAL 474 573 687.60000000000002 237 286.5 -0.15800504337307325
6 SIMPLE_RADIAL 474 571 685.19999999999993 237 285.5 -0.17293646191051162
64 SIMPLE_RADIAL 474 477 572.39999999999998 237 238.5 -0.47129765622123143
4 SIMPLE_RADIAL 474 546 655.19999999999993 237 273 0.68781899013457592
3 SIMPLE_RADIAL 474 531 637.19999999999993 237 265.5 -0.70740714628765056
91 SIMPLE_RADIAL 474 474 568.79999999999995 237 237 -0.024991386623324362
32 SIMPLE_RADIAL 474 474 568.79999999999995 237 237 0.67759158222331739
2 SIMPLE_RADIAL 474 569 682.79999999999995 237 284.5 0.19545805624532891
61 SIMPLE_RADIAL 474 395 568.79999999999995 237 197.5 0.50434906450511041
87 SIMPLE_RADIAL 474 586 703.19999999999993 237 293 0.46140122296103014
28 SIMPLE_RADIAL 474 401 568.79999999999995 237 200.5 -0.56562129808354167
57 SIMPLE_RADIAL 474 493 591.60000000000002 237 246.5 -0.35830571123068738
15 SIMPLE_RADIAL 474 395 568.79999999999995 237 197.5 0.36137673562543959
44 SIMPLE_RADIAL 474 575 690 237 287.5 -0.40568117494461925
37 SIMPLE_RADIAL 474 395 568.79999999999995 237 197.5 -0.91582775355111312
99 SIMPLE_RADIAL 438 495 594 219 247.5 0.17563942747668324
40 SIMPLE_RADIAL 474 474 568.79999999999995 237 237 -0.069580787091344104
46 SIMPLE_RADIAL 474 435 568.79999999999995 237 217.5 -0.30511753641106243
75 SIMPLE_RADIAL 474 474 568.79999999999995 237 237 -0.25576260040881704
49 SIMPLE_RADIAL 474 395 568.79999999999995 237 197.5 0.67916866021121725
68 SIMPLE_RADIAL 474 474 568.79999999999995 237 237 0.35702391699647174
13 SIMPLE_RADIAL 474 533 639.60000000000002 237 266.5 -0.18312919374275394
72 SIMPLE_RADIAL 474 474 568.79999999999995 237 237 -0.098867664610361977
