# Camera list with one line of data per camera:
#   CAMERA_ID, MODEL, WIDTH, HEIGHT, PARAMS[]
# Number of cameras: 31
36 SIMPLE_RADIAL 474 568 681.60000000000002 237 284 -0.19277373059336206
31 SIMPLE_RADIAL 474 531 637.19999999999993 237 265.5 0.13073198082133475
2 SIMPLE_RADIAL 474 474 568.79999999999995 237 237 -0.28623112442943227
25 SIMPLE_RADIAL 474 491 589.19999999999993 237 245.5 -0.38983081170155059
83 SIMPLE_RADIAL 474 591 709.19999999999993 237 295.5 2.8128863298083848
24 SIMPLE_RADIAL 474 592 710.39999999999998 237 296 -0.63530420890323369
13 SIMPLE_RADIAL 474 474 568.79999999999995 237 237 -0.61503664373168476
42 SIMPLE_RADIAL 474 474 568.79999999999995 237 237 -0.26822293931599017
9 SIMPLE_RADIAL 160 189 226.79999999999998 80 94.5 -0.17468678612062563
96 SIMPLE_RADIAL 474 590 708 237 295 -0.12921679429000099
32 SIMPLE_RADIAL 474 569 682.79999999999995 237 284.5 -0.12316557652262494
65 SIMPLE_RADIAL 474 474 568.79999999999995 237 237 -0.52827222139254704
6 SIMPLE_RADIAL 474 474 568.79999999999995 237 237 -0.17394584344613001
4 SIMPLE_RADIAL 474 474 568.79999999999995 237 237 -0.73895872299976217
15 SIMPLE_RADIAL 474 568 681.60000000000002 237 284 -0.1584530499754479
44 SIMPLE_RADIAL 474 411 568.79999999999995 237 205.5 -0.29291550218820783
14 SIMPLE_RADIAL 160 198 237.59999999999999 80 99 -0.46956939877989734
1 SIMPLE_RADIAL 474 576 691.19999999999993 237 288 -0.28270642733314905
59 SIMPLE_RADIAL 474 474 568.79999999999995 237 237 -0.60933361240928585
99 SIMPLE_RADIAL 474 474 568.79999999999995 237 237 -0.84095550481602721
40 SIMPLE_RADIAL 474 474 568.79999999999995 237 237 0.20104603719339806
69 SIMPLE_RADIAL 474 568 681.60000000000002 237 284 -0.14190648344993415
100 SIMPLE_RADIAL 474 567 680.39999999999998 237 283.5 -0.10797599235538463
41 SIMPLE_RADIAL 474 474 568.79999999999995 237 237 -0.080085834582709653
45 SIMPLE_RADIAL 474 481 577.19999999999993 237 240.5 0.84846630505201925
47 SIMPLE_RADIAL 474 474 568.79999999999995 237 237 -0.54556118538586829
56 SIMPLE_RADIAL 474 569 682.79999999999995 237 284.5 0.40986592780121739
57 SIMPLE_RADIAL 474 555 666 237 277.5 0.45538438460457292
86 SIMPLE_RADIAL 474 553 663.60000000000002 237 276.5 -0.60696883340752428
66 SIMPLE_RADIAL 474 576 691.19999999999993 237 288 -0.95641993732813479
92 SIMPLE_RADIAL 474 571 685.19999999999993 237 285.5 -0.48850524844412513
