# Camera list with one line of data per camera:
#   CAMERA_ID, MODEL, WIDTH, HEIGHT, PARAMS[]
# Number of cameras: 14
1 SIMPLE_RADIAL 474 576 691.19999999999993 237 288 -0.21769633155274079
3 SIMPLE_RADIAL 474 401 568.79999999999995 237 200.5 -0.019868841942137463
81 SIMPLE_RADIAL 474 474 568.79999999999995 237 237 -3.4019051731858423
4 SIMPLE_RADIAL 474 446 568.79999999999995 237 223 -0.55277547777377145
14 SIMPLE_RADIAL 160 196 235.19999999999999 80 98 -0.43196729750735996
43 SIMPLE_RADIAL 474 592 710.39999999999998 237 296 -0.56534403138075395
25 SIMPLE_RADIAL 474 520 624 237 260 0.084422325920588986
77 SIMPLE_RADIAL 474 585 702 237 292.5 -3.2049796074916497
26 SIMPLE_RADIAL 474 474 568.79999999999995 237 237 -0.16864923758130473
94 SIMPLE_RADIAL 474 568 681.60000000000002 237 284 0.038480002281217687
36 SIMPLE_RADIAL 474 474 568.79999999999995 237 237 0.048321020071187014
50 SIMPLE_RADIAL 474 474 568.79999999999995 237 237 0.12192623070505763
73 SIMPLE_RADIAL 474 474 568.79999999999995 237 237 -0.53363747189113697
87 SIMPLE_RADIAL 474 395 568.79999999999995 237 197.5 0.26159337594699644
