# Camera list with one line of data per camera:
#   CAMERA_ID, MODEL, WIDTH, HEIGHT, PARAMS[]
# Number of cameras: 17
59 SIMPLE_RADIAL 400 450 540 200 225 -0.51545982615047081
1 SIMPLE_RADIAL 474 474 568.79999999999995 237 237 -0.23730847474962591
69 SIMPLE_RADIAL 474 474 568.79999999999995 237 237 -0.26522268641023961
40 SIMPLE_RADIAL 474 395 568.79999999999995 237 197.5 -0.26836876985271074
4 SIMPLE_RADIAL 474 474 568.79999999999995 237 237 -0.61566669684362652
27 SIMPLE_RADIAL 474 474 568.79999999999995 237 237 -1.2369767953761832
56 SIMPLE_RADIAL 264 302 362.39999999999998 132 151 0.32310294723746941
5 SIMPLE_RADIAL 474 474 568.79999999999995 237 237 -0.061622440103098051
31 SIMPLE_RADIAL 474 474 568.79999999999995 237 237 -0.66536614568831931
73 SIMPLE_RADIAL 300 300 360 150 150 0.40181704300967269
44 SIMPLE_RADIAL 474 403 568.79999999999995 237 201.5 -0.71796976323052031
13 SIMPLE_RADIAL 474 426 568.79999999999995 237 213 -0.87161711935533415
53 SIMPLE_RADIAL 474 556 667.19999999999993 237 278 -1.2504050704102105
24 SIMPLE_RADIAL 474 474 568.79999999999995 237 237 -0.046183689746932585
70 SIMPLE_RADIAL 474 592 710.39999999999998 237 296 -0.89760635327631533
12 SIMPLE_RADIAL 474 474 568.79999999999995 237 237 -0.34167430360920181
41 SIMPLE_RADIAL 474 474 568.79999999999995 237 237 -1.0285256903782867
