# Camera list with one line of data per camera:
#   CAMERA_ID, MODEL, WIDTH, HEIGHT, PARAMS[]
# Number of cameras: 17
88 SIMPLE_RADIAL 474 474 568.79999999999995 237 237 -0.36324897117207877
5 SIMPLE_RADIAL 474 495 594 237 247.5 -0.5010657305086631
89 SIMPLE_RADIAL 474 474 568.79999999999995 237 237 -0.18631578070389238
31 SIMPLE_RADIAL 474 521 625.19999999999993 237 260.5 -0.62778784749003458
8 SIMPLE_RADIAL 474 568 681.60000000000002 237 284 -0.5430195838886166
47 SIMPLE_RADIAL 474 474 568.79999999999995 237 237 0.074141725122280983
11 SIMPLE_RADIAL 474 474 568.79999999999995 237 237 0.055439360453270747
82 SIMPLE_RADIAL 474 474 568.79999999999995 237 237 -1.5521003490377852
24 SIMPLE_RADIAL 474 545 654 237 272.5 -0.18847308373654723
13 SIMPLE_RADIAL 474 474 568.79999999999995 237 237 0.13324208366553772
78 SIMPLE_RADIAL 474 592 710.39999999999998 237 296 -2.2599180288427303
20 SIMPLE_RADIAL 474 474 568.79999999999995 237 237 -0.52913148357329132
23 SIMPLE_RADIAL 474 474 568.79999999999995 237 237 -0.45730598079710666
28 SIMPLE_RADIAL 474 468 568.79999999999995 237 234 1.0764849676903736
61 SIMPLE_RADIAL 474 545 654 237 272.5 -0.83431761509863822
16 SIMPLE_RADIAL 474 407 568.79999999999995 237 203.5 -1.2399519805560502
74 SIMPLE_RADIAL 474 568 681.60000000000002 237 284 -0.59989893279977813
