# Camera list with one line of data per camera:
#   CAMERA_ID, MODEL, WIDTH, HEIGHT, PARAMS[]
# Number of cameras: 27
97 SIMPLE_RADIAL 474 474 568.79999999999995 237 237 -0.45012141588724303
90 SIMPLE_RADIAL 474 474 568.79999999999995 237 237 -0.029881953335593795
58 SIMPLE_RADIAL 474 474 568.79999999999995 237 237 0.086488203317894113
56 SIMPLE_RADIAL 474 395 568.79999999999995 237 197.5 0.19332960463842483
54 SIMPLE_RADIAL 474 571 685.19999999999993 237 285.5 -0.066811677019520219
80 SIMPLE_RADIAL 474 474 568.79999999999995 237 237 0.27053084480767753
51 SIMPLE_RADIAL 474 591 709.19999999999993 237 295.5 -0.29562363409632508
45 SIMPLE_RADIAL 474 568 681.60000000000002 237 284 0.23115299732892178
91 SIMPLE_RADIAL 474 551 661.19999999999993 237 275.5 -0.2006130452541991
62 SIMPLE_RADIAL 474 519 622.79999999999995 237 259.5 -0.15703925243832983
4 SIMPLE_RADIAL 474 474 568.79999999999995 237 237 0.51319111075567614
75 SIMPLE_RADIAL 474 395 568.79999999999995 237 197.5 0.20225590079038896
17 SIMPLE_RADIAL 474 568 681.60000000000002 237 284 0.90854340184764915
18 SIMPLE_RADIAL 474 495 594 237 247.5 -0.58799307886804086
77 SIMPLE_RADIAL 474 395 568.79999999999995 237 197.5 0.32547782842787798
19 SIMPLE_RADIAL 474 568 681.60000000000002 237 284 -0.29252673581893979
12 SIMPLE_RADIAL 474 581 697.19999999999993 237 290.5 -0.64801937019719624
44 SIMPLE_RADIAL 474 474 568.79999999999995 237 237 0.48624157281565711
15 SIMPLE_RADIAL 474 589 706.79999999999995 237 294.5 0.45153536560837115
20 SIMPLE_RADIAL 474 474 568.79999999999995 237 237 0.34081525258479656
26 SIMPLE_RADIAL 474 592 710.39999999999998 237 296 -0.93512362217600442
5 SIMPLE_RADIAL 474 474 568.79999999999995 237 237 -0.048089234693170557
34 SIMPLE_RADIAL 474 474 568.79999999999995 237 237 -0.33334796685650675
6 SIMPLE_RADIAL 474 588 705.60000000000002 237 294 0.94119804869336698
35 SIMPLE_RADIAL 474 568 681.60000000000002 237 284 -0.024080033511255681
98 SIMPLE_RADIAL 474 576 691.19999999999993 237 288 -0.19498015797937596
40 SIMPLE_RADIAL 474 537 644.39999999999998 237 268.5 0.36076188778125995
