# Camera list with one line of data per camera:
#   CAMERA_ID, MODEL, WIDTH, HEIGHT, PARAMS[]
# Number of cameras: 18
82 SIMPLE_RADIAL 474 474 568.79999999999995 237 237 -0.12110419456506996
76 SIMPLE_RADIAL 474 568 681.60000000000002 237 284 -3.0439946575239851
70 SIMPLE_RADIAL 474 514 616.79999999999995 237 257 -0.5529344933546162
59 SIMPLE_RADIAL 474 474 568.79999999999995 237 237 -0.59273904550413792
2 SIMPLE_RADIAL 474 474 568.79999999999995 237 237 -0.42596038469033565
54 SIMPLE_RADIAL 474 474 568.79999999999995 237 237 -4.1987534129357549
5 SIMPLE_RADIAL 474 512 614.39999999999998 237 256 -0.18247111978625966
93 SIMPLE_RADIAL 474 568 681.60000000000002 237 284 -0.030231164452749794
6 SIMPLE_RADIAL 474 568 681.60000000000002 237 284 0.062957230672504264
8 SIMPLE_RADIAL 474 474 568.79999999999995 237 237 0.41521829426170465
36 SIMPLE_RADIAL 474 587 704.39999999999998 237 293.5 -0.72409422764994336
16 SIMPLE_RADIAL 474 591 709.19999999999993 237 295.5 -1.1606927043397888
42 SIMPLE_RADIAL 474 592 710.39999999999998 237 296 -1.4182658496008209
20 SIMPLE_RADIAL 474 568 681.60000000000002 237 284 -0.74000618629094195
26 SIMPLE_RADIAL 474 568 681.60000000000002 237 284 -0.87886900217276809
10 SIMPLE_RADIAL 474 568 681.60000000000002 237 284 -1.4378218961044065
39 SIMPLE_RADIAL 474 495 594 237 247.5 -1.182655940428001
43 SIMPLE_RADIAL 474 528 633.60000000000002 237 264 -1.0395265537828755
