# Camera list with one line of data per camera:
#   CAMERA_ID, MODEL, WIDTH, HEIGHT, PARAMS[]
# Number of cameras: 17
79 SIMPLE_RADIAL 474 531 637.19999999999993 237 265.5 -0.72327029220861372
3 SIMPLE_RADIAL 474 532 638.39999999999998 237 266 -0.19459359392721165
13 SIMPLE_RADIAL 474 564 676.79999999999995 237 282 0.38080454756842602
68 SIMPLE_RADIAL 474 576 691.19999999999993 237 288 -1.7783942957862315
39 SIMPLE_RADIAL 474 474 568.79999999999995 237 237 2.2322654179571133
52 SIMPLE_RADIAL 474 474 568.79999999999995 237 237 1.577814350232331
17 SIMPLE_RADIAL 474 474 568.79999999999995 237 237 -0.8174965384307924
85 SIMPLE_RADIAL 474 550 660 237 275 0.29887451176611562
27 SIMPLE_RADIAL 474 591 709.19999999999993 237 295.5 1.5705096978306599
95 SIMPLE_RADIAL 474 561 673.19999999999993 237 280.5 2.8474878830016643
66 SIMPLE_RADIAL 474 474 568.79999999999995 237 237 -0.67669701333992238
28 SIMPLE_RADIAL 474 590 708 237 295 0.66767680234538884
41 SIMPLE_RADIAL 474 541 649.19999999999993 237 270.5 0.45111113914611112
54 SIMPLE_RADIAL 474 474 568.79999999999995 237 237 0.26854786101820144
35 SIMPLE_RADIAL 474 588 705.60000000000002 237 294 0.37677935559959458
62 SIMPLE_RADIAL 474 474 568.79999999999995 237 237 -0.061426018531227547
63 SIMPLE_RADIAL 474 474 568.79999999999995 237 237 -0.38877731539476396
