# Camera list with one line of data per camera:
#   CAMERA_ID, MODEL, WIDTH, HEIGHT, PARAMS[]
# Number of cameras: 23
92 SIMPLE_RADIAL 474 474 568.79999999999995 237 237 -0.48052183906522283
91 SIMPLE_RADIAL 474 474 568.79999999999995 237 237 -0.032947677151436525
86 SIMPLE_RADIAL 474 592 710.39999999999998 237 296 -0.38498301401656676
82 SIMPLE_RADIAL 474 474 568.79999999999995 237 237 -0.73779169660062949
79 SIMPLE_RADIAL 384 480 576 192 240 0.049604822997188533
78 SIMPLE_RADIAL 474 564 676.79999999999995 237 282 0.17602023454706864
77 SIMPLE_RADIAL 474 586 703.19999999999993 237 293 -0.083607690091881709
11 SIMPLE_RADIAL 474 474 568.79999999999995 237 237 0.62381545710622532
71 SIMPLE_RADIAL 474 474 568.79999999999995 237 237 -0.80309663431190048
13 SIMPLE_RADIAL 474 458 568.79999999999995 237 229 -0.1464495132650559
18 SIMPLE_RADIAL 474 486 583.19999999999993 237 243 -0.76258107638971839
35 SIMPLE_RADIAL 474 474 568.79999999999995 237 237 -0.2527615151355076
94 SIMPLE_RADIAL 330 412 494.39999999999998 165 206 2.6621436057582817
36 SIMPLE_RADIAL 474 395 568.79999999999995 237 197.5 -0.19589072127701426
74 SIMPLE_RADIAL 474 466 568.79999999999995 237 233 -0.63774401117119184
45 SIMPLE_RADIAL 474 474 568.79999999999995 237 237 0.34487151006319239
58 SIMPLE_RADIAL 474 474 568.79999999999995 237 237 0.90782732140213673
17 SIMPLE_RADIAL 474 474 568.79999999999995 237 237 0.16215572167079176
46 SIMPLE_RADIAL 474 474 568.79999999999995 237 237 -0.47937175780911245
25 SIMPLE_RADIAL 474 585 702 237 292.5 0.38305188676203589
54 SIMPLE_RADIAL 474 474 568.79999999999995 237 237 -0.19049414821709579
67 SIMPLE_RADIAL 474 568 681.60000000000002 237 284 -0.2181856582802856
68 SIMPLE_RADIAL 474 474 568.79999999999995 237 237 -0.72941780869677586
